%YAML:1.0

# Camera intrinsic
Camera.fx: 8.1690378992770002e+02
Camera.fy: 8.1156803828490001e+02
camera.s:  0
Camera.cx: 6.0850726281690004e+02
Camera.cy: 2.6347599764440002e+02

Camera.k1: 0
Camera.k2: 0
Camera.p1: 0
Camera.p2: 0
Camera.k3: 0.

Camera.width: 1280
Camera.height: 560

# Wheel intrinsic
Wheel.kl: 0.00047820240382508
Wheel.kr: 0.00047768621928995
Wheel.b: 1.52439
Wheel.noise_factor: 0.02

# Extrinsic
Extrinsic.O_R_C: !!opencv-matrix
   rows: 3
   cols: 3
   dt: d
   data: [ -0.00680499, -0.0153215, 0.99985, 
           -0.999977, 0.000334627, -0.00680066,
           -0.000230383, -0.999883, -0.0153234 ]

Extrinsic.O_p_C: !!opencv-matrix
   rows: 3
   cols: 1
   dt: d
   data: [ 1.64239, 0.247401, 1.58411 ]
